25;25
466;737;662;539;857;743;684;842;698;679;688;815;672;634;852;621;767;719;641;752;649;715;752;823;723
682;850;823;668;1026;916;799;1071;798;775;822;925;774;760;974;763;875;864;750;879;787;905;813;827;951
425;635;580;492;720;624;524;738;557;561;536;628;610;533;661;475;673;563;554;568;573;584;570;651;582
449;595;530;378;706;607;563;685;480;432;497;642;621;505;564;486;593;543;452;564;505;615;527;533;639
521;675;441;493;703;601;627;653;617;601;597;632;711;512;675;458;621;510;638;629;616;642;588;560;635
549;614;615;528;820;680;581;746;555;483;655;715;686;562;712;613;652;624;671;706;644;766;627;672;758
451;641;617;497;747;644;605;703;541;546;669;703;627;545;715;551;663;583;662;629;600;675;669;696;631
596;768;661;615;817;793;589;822;636;723;696;744;726;602;861;510;781;668;714;739;735;736;651;701;743
555;678;541;529;678;729;584;748;620;608;587;745;702;540;687;530;674;656;580;736;644;686;559;625;713
550;650;681;669;854;683;694;863;646;568;605;710;710;667;740;567;629;613;760;684;589;768;685;630;722
435;691;521;435;794;700;622;756;562;598;571;720;693;538;642;563;698;620;479;677;671;679;601;658;581
486;657;620;540;751;742;652;833;625;569;601;804;600;614;661;607;674;690;595;702;584;696;679;687;676
516;540;471;440;661;608;528;666;475;533;572;587;632;482;644;495;632;572;535;653;656;653;498;563;593
475;523;513;499;631;536;571;729;512;467;574;641;569;549;555;512;666;632;634;605;580;606;581;693;590
662;608;664;616;771;698;602;847;546;592;664;760;682;568;736;598;764;708;633;659;634;716;653;659;718
585;633;520;554;665;710;500;743;511;481;616;748;615;537;606;406;655;515;623;690;550;595;576;582;676
466;743;686;572;863;751;674;761;606;645;730;754;727;544;813;563;782;638;705;735;715;713;738;757;682
506;587;575;508;772;717;471;862;550;532;620;651;629;605;698;570;570;587;636;663;607;649;578;580;646
660;681;533;610;823;759;566;800;493;619;613;760;813;610;748;465;789;635;657;686;762;719;595;711;645
568;605;534;493;689;656;521;699;466;532;476;658;657;522;608;496;660;597;587;628;578;677;608;547;658
486;510;458;465;675;730;424;666;469;559;644;601;590;511;743;414;574;485;575;604;635;596;549;558;569
593;637;632;618;830;768;547;825;537;553;680;760;698;630;774;426;700;538;702;648;572;647;665;656;700
578;845;623;607;820;672;620;778;735;593;655;781;758;570;765;557;728;629;791;811;626;687;703;684;765
479;583;583;491;721;637;564;706;488;471;478;684;634;585;626;480;657;588;575;559;533;666;615;620;581
496;528;442;469;558;492;520;605;550;441;537;554;575;467;487;455;583;501;574;573;547;624;483;504;562
